image_file_name:
IMG_077.jpg
 rectangles:
573.005944 542.061824 0.331096 0.000000 0.000000 2.000000 1.000000 
617.245387 566.985454 0.367174 0.000000 0.000000 2.000000 1.000000 
660.238649 586.924358 0.413000 0.000000 0.000000 2.000000 1.000000 
707.593547 604.370899 0.390607 0.000000 0.000000 2.000000 1.000000 
751.209900 624.309803 0.421419 0.000000 0.000000 2.000000 1.000000 
796.695525 646.117980 0.397079 0.000000 0.000000 2.000000 1.000000 
843.427331 664.187612 0.388957 0.000000 0.000000 2.000000 1.000000 
886.420593 681.634153 0.390607 0.000000 0.000000 2.000000 1.000000 
878.735500 556.300715 0.600050 6.000000 5.000000 1.000000 1.000000 
919.701144 582.369762 0.588003 5.000000 5.000000 1.000000 1.000000 
959.177129 608.438808 0.577902 2.000000 5.000000 1.000000 1.000000 
1001.632433 636.742344 0.579074 3.000000 5.000000 1.000000 1.000000 
1044.087737 665.045880 0.574305 5.000000 5.000000 1.000000 1.000000 
972.584067 478.838406 0.463648 0.000000 0.000000 2.000000 1.000000 
1015.784201 503.417793 0.477345 0.000000 0.000000 2.000000 1.000000 
1058.239505 524.273030 0.493941 3.000000 2.000000 1.000000 1.000000 
989.715154 376.051881 0.523278 0.000000 0.000000 2.000000 1.000000 
1030.680799 399.886437 0.534955 3.000000 6.000000 1.000000 1.000000 
1080.584402 434.893443 0.423669 0.000000 0.000000 2.000000 1.000000 
1129.743175 450.534870 0.455774 0.000000 0.000000 2.000000 1.000000 
