image_file_name:
IMG_071.jpg
 rectangles:
780.819195 458.326758 -0.620249 0.000000 0.000000 2.000000 1.000000 
1043.579560 621.419398 -0.670522 0.000000 0.000000 2.000000 1.000000 
1288.218521 719.954535 0.546789 4.000000 3.000000 1.000000 1.000000 
1211.731957 796.514877 0.069655 6.000000 2.000000 1.000000 1.000000 
1082.087545 808.296382 -0.141897 3.000000 1.000000 1.000000 1.000000 
979.022057 853.599893 -0.069655 3.000000 1.000000 1.000000 1.000000 
957.502889 732.413001 -0.052583 1.000000 2.000000 1.000000 1.000000 
798.940600 811.694146 0.321751 5.000000 3.000000 1.000000 1.000000 
802.338363 697.302780 -0.027020 5.000000 2.000000 1.000000 1.000000 
676.621119 725.617474 0.307046 1.000000 3.000000 1.000000 1.000000 
569.025280 843.406603 0.671606 2.000000 3.000000 1.000000 1.000000 
549.771288 735.810764 -0.049958 3.000000 3.000000 1.000000 1.000000 
569.025280 599.900231 0.477345 1.000000 2.000000 1.000000 1.000000 
575.820807 508.160620 0.293589 3.000000 2.000000 1.000000 1.000000 
932.585958 484.376277 0.172191 6.000000 6.000000 1.000000 1.000000 
1016.397453 411.890659 0.000000 2.000000 4.000000 1.000000 1.000000 
1151.175399 454.928995 0.063743 6.000000 5.000000 1.000000 1.000000 
1202.141849 461.724521 0.047583 3.000000 5.000000 1.000000 1.000000 
