image_file_name:
IMG_049.jpg
 rectangles:
773.509912 526.397794 0.234612 0.000000 0.000000 2.000000 1.000000 
664.840068 452.916280 -0.178160 0.000000 0.000000 2.000000 1.000000 
517.877040 447.741526 0.150372 0.000000 0.000000 2.000000 1.000000 
546.855665 292.498890 0.093923 0.000000 0.000000 2.000000 0.000000 
1022.933080 214.877573 0.478197 0.000000 0.000000 2.000000 0.000000 
1071.575772 374.260012 -0.140011 0.000000 0.000000 2.000000 0.000000 
956.696222 616.438523 0.614663 3.000000 4.000000 1.000000 1.000000 
869.760346 414.623097 -0.734762 3.000000 4.000000 1.000000 1.000000 
1088.134987 531.572549 -0.737072 2.000000 4.000000 1.000000 1.000000 
829.397261 257.310560 -0.608689 6.000000 4.000000 1.000000 0.000000 
734.181778 245.926100 0.473356 1.000000 2.000000 1.000000 0.000000 
653.455608 272.834823 -0.588003 1.000000 4.000000 1.000000 0.000000 
527.191598 641.277345 0.361204 4.000000 4.000000 1.000000 1.000000 
