image_file_name:
IMG_013.jpg
 rectangles:
568.765683 625.592251 -1.024310 0.000000 0.000000 2.000000 1.000000 
741.993171 680.368194 -0.871547 0.000000 0.000000 2.000000 1.000000 
880.291942 594.683086 -0.938695 0.000000 0.000000 2.000000 1.000000 
561.603471 521.023958 -0.204465 0.000000 0.000000 2.000000 1.000000 
708.921726 442.855088 -0.988366 0.000000 0.000000 2.000000 1.000000 
809.639309 405.273900 -0.476930 0.000000 0.000000 2.000000 1.000000 
662.321054 342.137505 0.653881 0.000000 0.000000 2.000000 0.000000 
749.509409 280.504357 0.300781 0.000000 0.000000 2.000000 0.000000 
865.259467 306.059565 -0.718995 0.000000 0.000000 2.000000 0.000000 
