image_file_name:
IMG_095.jpg
 rectangles:
469.439385 577.246615 0.463648 5.000000 2.000000 1.000000 1.000000 
496.465272 537.672994 0.453339 0.000000 0.000000 2.000000 1.000000 
513.839057 489.412480 0.448723 6.000000 3.000000 1.000000 1.000000 
532.178052 443.082387 0.454302 0.000000 0.000000 2.000000 1.000000 
514.804268 605.237713 0.404892 2.000000 1.000000 1.000000 1.000000 
718.463636 614.889816 0.669639 0.000000 0.000000 2.000000 1.000000 
765.758939 645.776545 0.337878 0.000000 0.000000 2.000000 1.000000 
824.636766 664.115540 -0.121352 0.000000 0.000000 2.000000 1.000000 
876.758121 654.463437 -0.275806 0.000000 0.000000 2.000000 1.000000 
645.107655 492.308111 0.489957 5.000000 1.000000 1.000000 1.000000 
664.411860 445.012807 0.535420 3.000000 2.000000 1.000000 1.000000 
728.115738 446.943228 -0.047583 3.000000 1.000000 1.000000 1.000000 
802.436930 494.238532 0.063743 3.000000 4.000000 1.000000 1.000000 
852.627864 505.821055 0.000000 0.000000 0.000000 2.000000 1.000000 
962.661835 625.507129 0.250443 2.000000 2.000000 1.000000 1.000000 
980.035620 572.420564 0.244979 5.000000 2.000000 1.000000 1.000000 
913.436111 360.074303 0.177596 2.000000 2.000000 1.000000 1.000000 
967.487887 381.308929 0.594214 4.000000 3.000000 1.000000 1.000000 
1088.139171 508.716686 0.197396 5.000000 2.000000 1.000000 1.000000 
1098.756484 455.630121 0.197396 1.000000 2.000000 1.000000 1.000000 
1119.151649 408.270754 0.199130 1.000000 2.000000 1.000000 1.000000 
1156.264664 595.263252 0.151375 4.000000 3.000000 1.000000 1.000000 
1181.958290 528.174340 0.191648 1.000000 1.000000 1.000000 1.000000 
1229.776982 556.722813 0.093477 3.000000 1.000000 1.000000 1.000000 
966.337166 854.579517 -0.237535 0.000000 0.000000 2.000000 1.000000 
1024.601276 858.529626 -0.298499 0.000000 0.000000 2.000000 1.000000 
