image_file_name:
IMG_057.jpg
 rectangles:
419.889858 493.560525 0.047583 0.000000 0.000000 2.000000 1.000000 
512.897647 427.978109 0.080040 0.000000 0.000000 2.000000 1.000000 
629.753588 401.745143 -0.660802 0.000000 0.000000 2.000000 1.000000 
847.005049 432.002222 -0.055499 0.000000 0.000000 2.000000 1.000000 
942.546180 457.367124 0.170735 0.000000 0.000000 2.000000 1.000000 
560.295848 227.603824 -0.037275 1.000000 2.000000 1.000000 0.000000 
692.699588 205.602534 0.025830 2.000000 3.000000 1.000000 0.000000 
740.349389 214.487341 0.052583 6.000000 3.000000 1.000000 0.000000 
866.148386 266.953274 -0.026310 1.000000 3.000000 1.000000 0.000000 
872.110424 318.226799 -0.039979 4.000000 3.000000 1.000000 0.000000 
720.376562 574.644239 -0.222481 2.000000 3.000000 1.000000 1.000000 
774.292330 743.145020 -0.201137 3.000000 3.000000 1.000000 1.000000 
581.519075 597.719582 -0.211093 4.000000 3.000000 1.000000 1.000000 
