image_file_name:
IMG_021.jpg
 rectangles:
572.624563 332.537962 0.323349 0.000000 0.000000 2.000000 0.000000 
853.911582 375.157208 -0.131413 0.000000 0.000000 2.000000 1.000000 
339.310143 311.200032 0.474074 3.000000 5.000000 1.000000 0.000000 
714.120457 463.805238 0.538801 2.000000 5.000000 1.000000 1.000000 
952.624835 498.091264 -0.391675 5.000000 1.000000 1.000000 1.000000 
1073.826888 588.253435 0.437606 5.000000 6.000000 1.000000 1.000000 
979.002471 683.644293 0.661043 6.000000 3.000000 1.000000 1.000000 
891.416518 560.977118 -0.216076 1.000000 6.000000 1.000000 1.000000 
755.034933 644.510839 -0.244510 2.000000 4.000000 1.000000 1.000000 
642.520125 751.911337 0.362287 3.000000 3.000000 1.000000 1.000000 
463.519294 670.082386 -0.179853 4.000000 4.000000 1.000000 1.000000 
