image_file_name:
IMG_031.jpg
 rectangles:
662.084129 537.698568 -0.540420 0.000000 0.000000 2.000000 1.000000 
768.362638 522.900294 0.244979 0.000000 0.000000 2.000000 1.000000 
546.388536 688.371897 -0.847817 3.000000 2.000000 1.000000 1.000000 
619.034606 778.506835 -0.531724 2.000000 5.000000 1.000000 1.000000 
730.694306 822.901656 0.154319 1.000000 4.000000 1.000000 1.000000 
866.569362 804.067490 -0.454302 1.000000 1.000000 1.000000 1.000000 
1018.587989 713.932551 -0.393058 4.000000 6.000000 1.000000 1.000000 
1033.386262 547.115651 -0.810393 1.000000 3.000000 1.000000 1.000000 
939.215431 466.397796 0.104877 2.000000 4.000000 1.000000 1.000000 
819.483946 435.455951 -0.628796 3.000000 4.000000 1.000000 1.000000 
