image_file_name:
IMG_043.jpg
 rectangles:
793.473864 312.331730 0.390607 0.000000 0.000000 2.000000 0.000000 
959.847104 445.898978 0.033321 2.000000 2.000000 1.000000 1.000000 
945.006298 532.600526 0.000000 4.000000 2.000000 1.000000 1.000000 
946.568488 602.899078 -0.066568 1.000000 2.000000 1.000000 1.000000 
880.175412 450.585549 0.000000 6.000000 2.000000 1.000000 1.000000 
876.269937 541.973666 0.000000 3.000000 2.000000 1.000000 1.000000 
799.722624 539.630381 0.000000 5.000000 2.000000 1.000000 1.000000 
723.175312 462.301974 0.068856 6.000000 2.000000 1.000000 1.000000 
872.364461 692.725005 -0.054491 2.000000 2.000000 1.000000 1.000000 
812.220145 695.849385 0.000000 3.000000 2.000000 1.000000 1.000000 
728.642978 635.705068 0.106736 3.000000 1.000000 1.000000 1.000000 
936.414253 682.570770 0.165149 3.000000 1.000000 1.000000 1.000000 
732.548453 535.724906 -0.096474 5.000000 1.000000 1.000000 1.000000 
811.439050 619.302073 0.000000 4.000000 1.000000 1.000000 1.000000 
874.707746 613.834408 -0.124355 4.000000 1.000000 1.000000 1.000000 
794.254959 462.301974 0.034469 2.000000 1.000000 1.000000 1.000000 
704.429032 715.376761 0.191184 6.000000 1.000000 1.000000 1.000000 
565.394118 657.575729 0.348771 4.000000 2.000000 1.000000 1.000000 
509.155277 562.282136 -0.147078 4.000000 2.000000 1.000000 1.000000 
