image_file_name:
IMG_009.jpg
 rectangles:
704.630753 760.421570 -0.574965 5.000000 2.000000 1.000000 1.000000 
887.780039 635.804530 -1.030377 3.000000 2.000000 1.000000 1.000000 
305.474061 685.297320 -0.830821 1.000000 2.000000 1.000000 1.000000 
495.047551 684.896091 -0.414507 6.000000 4.000000 1.000000 1.000000 
804.127402 423.067775 -0.083688 5.000000 4.000000 1.000000 1.000000 
405.502223 230.693668 -0.769504 4.000000 4.000000 1.000000 0.000000 
583.789988 598.041791 -0.696276 1.000000 4.000000 1.000000 1.000000 
349.661005 499.858669 -0.950547 4.000000 3.000000 1.000000 1.000000 
780.429467 215.497072 0.231405 3.000000 3.000000 1.000000 0.000000 
615.888316 411.116232 -0.286788 6.000000 2.000000 1.000000 1.000000 
1003.772059 433.232935 -0.122340 1.000000 5.000000 1.000000 1.000000 
1224.867860 602.158474 0.451754 3.000000 5.000000 1.000000 1.000000 
1089.314150 193.275153 0.185190 4.000000 5.000000 1.000000 0.000000 
