image_file_name:
IMG_081.jpg
 rectangles:
571.432262 682.165809 0.463648 2.000000 6.000000 1.000000 1.000000 
628.357351 687.159238 0.597177 1.000000 6.000000 1.000000 1.000000 
649.829095 740.089584 0.607802 4.000000 6.000000 1.000000 1.000000 
704.756813 744.084327 0.433953 4.000000 6.000000 1.000000 1.000000 
759.185188 740.089584 0.415227 3.000000 6.000000 1.000000 1.000000 
792.641161 788.026501 0.411065 6.000000 6.000000 1.000000 1.000000 
971.033710 647.167860 0.159913 6.000000 4.000000 1.000000 1.000000 
1021.233494 657.693621 0.170735 6.000000 4.000000 1.000000 1.000000 
1069.813931 669.838730 0.184324 5.000000 4.000000 1.000000 1.000000 
1120.013715 675.506448 0.190639 5.000000 4.000000 1.000000 1.000000 
1028.520560 559.723074 0.190639 4.000000 4.000000 1.000000 1.000000 
1083.578388 554.865030 0.298499 2.000000 4.000000 1.000000 1.000000 
1349.961115 617.209924 0.301951 5.000000 2.000000 1.000000 1.000000 
1385.586769 571.058509 0.214061 5.000000 4.000000 1.000000 0.000000 
749.281089 390.835034 -0.831876 6.000000 3.000000 1.000000 1.000000 
874.685894 268.186378 -0.489957 5.000000 2.000000 1.000000 0.000000 
926.363699 261.296004 -0.483779 6.000000 3.000000 1.000000 0.000000 
1121.361281 257.850817 -0.336675 0.000000 0.000000 2.000000 1.000000 
