image_file_name:
IMG_079.jpg
 rectangles:
411.049952 343.955221 -0.087007 0.000000 0.000000 2.000000 0.000000 
697.665304 448.640970 -0.262335 0.000000 0.000000 2.000000 1.000000 
799.301954 308.382393 -0.504919 0.000000 0.000000 2.000000 0.000000 
848.087546 285.005964 -0.688582 0.000000 0.000000 2.000000 0.000000 
647.863346 622.439642 -0.465606 6.000000 5.000000 1.000000 1.000000 
685.468906 581.784982 -0.428546 3.000000 4.000000 1.000000 1.000000 
899.922238 480.148332 -0.541838 0.000000 0.000000 2.000000 1.000000 
933.462332 440.510038 -0.577311 2.000000 5.000000 1.000000 1.000000 
1096.651866 465.049276 -0.570040 3.000000 2.000000 1.000000 1.000000 
1141.125057 437.124248 -0.540420 0.000000 0.000000 2.000000 1.000000 
1351.653471 616.792374 0.327923 5.000000 2.000000 1.000000 1.000000 
1385.210482 571.578084 0.191389 5.000000 4.000000 1.000000 0.000000 
1403.614124 506.599954 0.126323 5.000000 2.000000 1.000000 0.000000 
1284.887236 365.760289 -0.310387 3.000000 5.000000 1.000000 0.000000 
1337.634510 359.554728 -0.337878 5.000000 5.000000 1.000000 0.000000 
1323.154866 302.670413 -0.369906 0.000000 0.000000 2.000000 0.000000 
1373.833619 289.225029 -0.380506 3.000000 6.000000 1.000000 0.000000 
