image_file_name:
IMG_097.jpg
 rectangles:
396.293555 694.669374 0.163095 0.000000 0.000000 2.000000 1.000000 
442.489747 719.692311 0.352990 0.000000 0.000000 2.000000 1.000000 
490.610779 738.299110 0.298499 0.000000 0.000000 2.000000 1.000000 
536.165357 752.414613 0.333244 0.000000 0.000000 2.000000 1.000000 
480.344959 681.837098 0.387770 0.000000 0.000000 2.000000 1.000000 
507.292737 638.207362 0.424194 6.000000 4.000000 1.000000 1.000000 
521.408240 570.196303 0.705568 6.000000 2.000000 1.000000 1.000000 
665.771338 701.727125 0.095598 6.000000 6.000000 1.000000 1.000000 
740.198535 701.085511 0.694738 6.000000 4.000000 1.000000 1.000000 
726.083032 623.450245 -0.235545 6.000000 5.000000 1.000000 1.000000 
664.488110 579.178896 0.501604 6.000000 3.000000 1.000000 1.000000 
800.890083 548.257296 0.222082 0.000000 0.000000 2.000000 1.000000 
884.311031 586.243621 0.404892 5.000000 1.000000 1.000000 1.000000 
888.035180 511.015802 -0.090660 0.000000 0.000000 2.000000 1.000000 
946.131912 462.601859 -0.499347 0.000000 0.000000 2.000000 1.000000 
1042.214969 434.298323 -0.367174 0.000000 0.000000 2.000000 1.000000 
788.227974 489.415735 -0.333244 6.000000 2.000000 1.000000 1.000000 
740.558861 449.939750 -0.066568 6.000000 5.000000 1.000000 1.000000 
791.952124 421.636214 -0.588003 6.000000 6.000000 1.000000 1.000000 
885.055861 420.891384 0.259332 6.000000 3.000000 1.000000 1.000000 
1019.125242 578.050492 0.377249 1.000000 1.000000 1.000000 1.000000 
911.869737 694.243956 -0.176709 5.000000 4.000000 1.000000 1.000000 
970.131522 702.466376 0.242883 5.000000 4.000000 1.000000 1.000000 
984.863067 649.554162 0.313276 5.000000 5.000000 1.000000 1.000000 
1062.325376 668.174909 -0.577902 0.000000 0.000000 2.000000 1.000000 
1104.035850 637.636884 -0.552841 0.000000 0.000000 2.000000 1.000000 
1145.746324 609.333348 -0.558599 0.000000 0.000000 2.000000 1.000000 
1075.732314 595.926410 -0.558599 0.000000 0.000000 2.000000 1.000000 
1118.187618 566.133214 -0.554307 0.000000 0.000000 2.000000 1.000000 
1124.163460 697.154930 -0.027106 5.000000 3.000000 1.000000 1.000000 
1042.974211 784.414402 -0.190639 5.000000 2.000000 1.000000 1.000000 
1090.777227 744.957945 0.584081 5.000000 5.000000 1.000000 1.000000 
