image_file_name:
IMG_099.jpg
 rectangles:
705.057163 810.169615 0.060168 5.000000 4.000000 1.000000 1.000000 
705.057163 760.098635 0.045423 6.000000 4.000000 1.000000 1.000000 
754.589745 808.554422 0.023805 5.000000 3.000000 1.000000 1.000000 
754.589745 757.406647 0.000000 0.000000 0.000000 2.000000 1.000000 
897.265120 812.323206 0.000000 0.000000 0.000000 2.000000 1.000000 
896.726722 761.713828 0.023252 0.000000 0.000000 2.000000 1.000000 
947.336100 812.323206 -0.022723 6.000000 5.000000 1.000000 1.000000 
948.951293 758.483442 0.192971 5.000000 5.000000 1.000000 1.000000 
574.826192 638.847311 0.154891 0.000000 0.000000 2.000000 1.000000 
590.277878 591.959435 0.145803 0.000000 0.000000 2.000000 1.000000 
620.115617 542.940293 0.000000 0.000000 0.000000 2.000000 1.000000 
668.601943 518.963539 0.000000 6.000000 5.000000 1.000000 1.000000 
716.555451 502.446219 -0.024995 6.000000 2.000000 1.000000 1.000000 
768.238677 490.724250 0.057408 5.000000 2.000000 1.000000 1.000000 
818.856270 480.600732 0.044173 5.000000 5.000000 1.000000 1.000000 
865.395978 503.076994 0.038755 0.000000 0.000000 2.000000 1.000000 
915.765448 499.673651 0.054839 0.000000 0.000000 2.000000 1.000000 
964.092913 502.396325 0.140645 6.000000 6.000000 1.000000 1.000000 
1012.420378 513.967690 0.117587 0.000000 0.000000 2.000000 1.000000 
1061.428511 537.110420 0.174669 1.000000 1.000000 1.000000 1.000000 
1111.117313 567.740503 -0.069487 6.000000 4.000000 1.000000 1.000000 
1117.923998 618.790642 -0.126088 0.000000 0.000000 2.000000 1.000000 
1112.478650 668.479444 -0.148140 0.000000 0.000000 2.000000 1.000000 
