image_file_name:
IMG_065.jpg
 rectangles:
805.857940 308.204944 0.118092 0.000000 0.000000 2.000000 0.000000 
855.223145 314.375595 0.136403 0.000000 0.000000 2.000000 0.000000 
795.279682 406.935355 0.634023 0.000000 0.000000 2.000000 1.000000 
906.351394 317.901681 0.161375 6.000000 6.000000 1.000000 0.000000 
987.451374 417.513613 0.165149 2.000000 2.000000 1.000000 1.000000 
960.124207 463.352733 0.197396 2.000000 3.000000 1.000000 1.000000 
839.355758 482.746206 0.124355 1.000000 3.000000 1.000000 1.000000 
968.939422 540.926627 0.131315 3.000000 1.000000 1.000000 1.000000 
1070.314397 515.362502 -0.172191 2.000000 3.000000 1.000000 1.000000 
1084.418741 563.846186 -0.124355 2.000000 1.000000 1.000000 1.000000 
827.895978 552.386406 0.000000 1.000000 6.000000 1.000000 1.000000 
815.554677 602.633133 0.000000 1.000000 5.000000 1.000000 1.000000 
812.028591 665.221161 0.187640 1.000000 4.000000 1.000000 1.000000 
694.786228 358.451671 -0.147849 1.000000 2.000000 1.000000 1.000000 
694.786228 434.262522 -0.446106 4.000000 3.000000 1.000000 1.000000 
571.373215 490.679900 0.165149 4.000000 5.000000 1.000000 1.000000 
530.823225 546.215756 0.549853 4.000000 5.000000 1.000000 1.000000 
677.155797 668.747248 0.255182 4.000000 1.000000 1.000000 1.000000 
664.814496 718.112453 0.244979 4.000000 4.000000 1.000000 1.000000 
