image_file_name:
IMG_075.jpg
 rectangles:
858.384720 648.178412 0.000000 0.000000 0.000000 2.000000 1.000000 
908.542179 648.717740 0.000000 0.000000 0.000000 2.000000 1.000000 
956.003000 648.178412 0.000000 0.000000 0.000000 2.000000 1.000000 
1005.621132 648.717740 0.000000 0.000000 0.000000 2.000000 1.000000 
859.463375 598.560281 0.000000 0.000000 0.000000 2.000000 1.000000 
907.463524 598.560281 0.000000 0.000000 0.000000 2.000000 1.000000 
957.081655 599.099608 0.000000 0.000000 0.000000 2.000000 1.000000 
1006.160459 599.099608 0.000000 0.000000 0.000000 2.000000 1.000000 
858.384720 549.481477 0.000000 0.000000 0.000000 2.000000 1.000000 
906.924197 550.020804 0.000000 0.000000 0.000000 2.000000 1.000000 
957.620983 550.020804 0.000000 0.000000 0.000000 2.000000 1.000000 
1005.081804 550.560132 0.000000 0.000000 0.000000 2.000000 1.000000 
858.924048 500.402673 0.000000 0.000000 0.000000 2.000000 1.000000 
908.542179 499.863346 0.000000 0.000000 0.000000 2.000000 1.000000 
958.160310 500.402673 0.000000 0.000000 0.000000 2.000000 1.000000 
1006.699787 500.402673 0.000000 0.000000 0.000000 2.000000 1.000000 
861.081358 451.323869 0.000000 0.000000 0.000000 2.000000 1.000000 
910.160162 451.323869 0.000000 0.000000 0.000000 2.000000 1.000000 
959.238965 451.863197 0.000000 0.000000 0.000000 2.000000 1.000000 
1007.239114 451.323869 -0.000000 0.000000 0.000000 2.000000 1.000000 
