image_file_name:
IMG_015.jpg
 rectangles:
744.003018 681.373966 0.630309 0.000000 0.000000 2.000000 1.000000 
637.619959 592.620100 0.197998 0.000000 0.000000 2.000000 1.000000 
880.956421 594.334507 0.608618 0.000000 0.000000 2.000000 1.000000 
492.012915 294.964945 0.054142 0.000000 0.000000 2.000000 0.000000 
752.733766 232.389544 0.124355 0.000000 0.000000 2.000000 0.000000 
979.963787 704.703374 0.921258 2.000000 2.000000 1.000000 1.000000 
1005.932933 406.058203 -0.122181 1.000000 2.000000 1.000000 1.000000 
395.658018 466.111852 0.558098 3.000000 2.000000 1.000000 1.000000 
432.988664 586.219149 -0.141897 3.000000 4.000000 1.000000 1.000000 
676.449402 462.865709 0.372988 6.000000 5.000000 1.000000 1.000000 
635.872612 259.981761 0.315550 6.000000 2.000000 1.000000 0.000000 
915.040924 251.866403 0.239047 6.000000 6.000000 1.000000 0.000000 
