image_file_name:
IMG_063.jpg
 rectangles:
708.142023 579.363011 0.197396 0.000000 0.000000 2.000000 1.000000 
716.934921 531.002071 0.165149 0.000000 0.000000 2.000000 1.000000 
513.599149 584.858572 -0.352990 1.000000 2.000000 1.000000 1.000000 
483.923118 526.605621 0.785398 1.000000 6.000000 1.000000 1.000000 
1184.286218 458.733745 -0.909143 0.000000 0.000000 2.000000 1.000000 
1230.528755 428.716660 -0.731061 1.000000 4.000000 1.000000 0.000000 
756.745571 591.782447 0.157819 5.000000 1.000000 1.000000 1.000000 
765.669569 543.917365 0.156602 6.000000 2.000000 1.000000 1.000000 
941.330792 630.742813 0.280715 2.000000 1.000000 1.000000 1.000000 
951.657378 582.896299 0.300920 2.000000 3.000000 1.000000 1.000000 
1000.938616 594.216265 0.281455 2.000000 3.000000 1.000000 1.000000 
966.114598 536.082443 0.271521 2.000000 2.000000 1.000000 1.000000 
1015.541523 546.351183 0.273217 2.000000 2.000000 1.000000 1.000000 
