image_file_name:
IMG_029.jpg
 rectangles:
579.857580 500.890790 0.000000 0.000000 0.000000 2.000000 1.000000 
754.032768 557.921604 -0.426627 0.000000 0.000000 2.000000 1.000000 
541.323246 312.843242 -0.380506 4.000000 5.000000 1.000000 0.000000 
683.129594 331.339722 0.397079 2.000000 4.000000 1.000000 0.000000 
794.014627 277.690260 0.071307 1.000000 6.000000 1.000000 0.000000 
900.463236 294.346761 0.375271 2.000000 2.000000 1.000000 0.000000 
1017.607610 306.677748 0.452154 3.000000 6.000000 1.000000 0.000000 
1153.248465 315.925988 -0.870903 4.000000 6.000000 1.000000 0.000000 
1250.354986 340.587962 0.411065 5.000000 1.000000 1.000000 0.000000 
