image_file_name:
IMG_059.jpg
 rectangles:
497.127808 490.591097 -0.110657 0.000000 0.000000 2.000000 1.000000 
709.493596 483.485922 -0.066568 0.000000 0.000000 2.000000 1.000000 
940.017054 457.433613 0.044746 0.000000 0.000000 2.000000 1.000000 
630.775845 664.795062 0.109328 3.000000 1.000000 1.000000 1.000000 
679.493968 670.588865 0.137066 1.000000 1.000000 1.000000 1.000000 
828.702645 521.380189 0.311547 5.000000 1.000000 1.000000 1.000000 
695.283246 582.168909 0.110657 4.000000 1.000000 1.000000 1.000000 
744.230008 586.116228 0.088007 4.000000 1.000000 1.000000 1.000000 
603.485135 469.790530 0.166674 3.000000 1.000000 1.000000 1.000000 
759.229822 478.749138 -0.056543 6.000000 2.000000 1.000000 1.000000 
707.914668 399.802749 -0.390607 2.000000 2.000000 1.000000 1.000000 
763.966605 384.013471 0.280108 2.000000 1.000000 1.000000 1.000000 
