image_file_name:
IMG_027.jpg
 rectangles:
568.585947 423.051436 -0.446106 0.000000 0.000000 2.000000 1.000000 
457.149555 466.950620 -0.652847 1.000000 5.000000 1.000000 1.000000 
696.906639 466.950620 0.000000 4.000000 3.000000 1.000000 1.000000 
887.699248 433.182017 -0.209023 2.000000 5.000000 1.000000 1.000000 
1080.180288 512.538235 -0.308053 1.000000 2.000000 1.000000 1.000000 
1058.230695 664.496950 -0.211093 2.000000 2.000000 1.000000 1.000000 
857.307505 590.206023 0.000000 3.000000 3.000000 1.000000 1.000000 
681.710768 656.054799 0.000000 4.000000 6.000000 1.000000 1.000000 
526.375192 588.517592 0.394791 4.000000 5.000000 1.000000 1.000000 
