image_file_name:
IMG_093.jpg
 rectangles:
522.720184 601.228459 -0.576375 0.000000 0.000000 2.000000 1.000000 
561.598914 643.995061 -0.745419 5.000000 2.000000 1.000000 1.000000 
515.916407 444.741572 0.384169 3.000000 1.000000 1.000000 1.000000 
724.889579 406.834811 -0.626743 6.000000 3.000000 1.000000 1.000000 
770.572086 386.423478 -0.593350 0.000000 0.000000 2.000000 1.000000 
723.917610 528.330841 -0.785398 0.000000 0.000000 2.000000 1.000000 
763.948841 564.339013 -0.785398 2.000000 2.000000 1.000000 1.000000 
799.588247 598.166246 -0.821746 4.000000 3.000000 1.000000 1.000000 
832.811422 635.617825 -0.806432 1.000000 2.000000 1.000000 1.000000 
807.440997 744.348215 0.763661 2.000000 1.000000 1.000000 1.000000 
835.831711 700.252001 0.769547 4.000000 1.000000 1.000000 1.000000 
870.263001 667.028826 0.770541 2.000000 3.000000 1.000000 1.000000 
903.486176 631.993478 0.785398 2.000000 2.000000 1.000000 1.000000 
938.521524 595.750015 0.765793 0.000000 0.000000 2.000000 1.000000 
975.369045 627.161016 0.746203 1.000000 2.000000 1.000000 1.000000 
1002.551643 671.257231 0.762147 5.000000 2.000000 1.000000 1.000000 
1040.003222 703.876348 0.752077 6.000000 2.000000 1.000000 1.000000 
1076.246686 739.515754 0.745419 2.000000 2.000000 1.000000 1.000000 
1068.393935 665.820711 0.751513 3.000000 4.000000 1.000000 1.000000 
1101.013053 627.161016 0.737815 4.000000 3.000000 1.000000 1.000000 
1133.632170 588.501322 0.738557 1.000000 1.000000 1.000000 1.000000 
1169.271576 553.465974 0.840897 3.000000 1.000000 1.000000 1.000000 
966.391564 855.797188 -0.241566 0.000000 0.000000 2.000000 1.000000 
1024.984849 857.113891 -0.297562 0.000000 0.000000 2.000000 1.000000 
1007.247483 347.208552 0.482513 5.000000 1.000000 1.000000 0.000000 
1061.009138 319.105869 0.732815 3.000000 2.000000 1.000000 0.000000 
