image_file_name:
IMG_069.jpg
 rectangles:
518.580955 730.560225 0.055499 4.000000 3.000000 1.000000 1.000000 
559.822772 683.518777 -0.441179 4.000000 3.000000 1.000000 1.000000 
593.976152 636.477330 -0.400183 4.000000 4.000000 1.000000 1.000000 
628.632739 592.169619 -0.365573 4.000000 4.000000 1.000000 1.000000 
668.533464 555.650311 -0.317150 4.000000 5.000000 1.000000 1.000000 
709.110473 521.836137 -0.256020 4.000000 5.000000 1.000000 1.000000 
753.745183 490.050814 -0.118993 4.000000 1.000000 1.000000 1.000000 
801.085026 477.877711 -0.163286 4.000000 6.000000 1.000000 1.000000 
853.835137 462.323191 0.074532 0.000000 0.000000 2.000000 1.000000 
900.498697 487.345680 0.080461 6.000000 6.000000 1.000000 1.000000 
949.681413 476.017932 0.082307 2.000000 4.000000 1.000000 1.000000 
996.497137 506.028011 0.165924 6.000000 5.000000 1.000000 1.000000 
1043.283860 530.209817 0.226640 3.000000 5.000000 1.000000 1.000000 
1085.326972 569.649379 0.173010 4.000000 2.000000 1.000000 1.000000 
1131.687236 614.214347 0.079891 0.000000 0.000000 2.000000 1.000000 
536.624250 806.599825 -0.488334 3.000000 3.000000 1.000000 1.000000 
601.064589 851.063659 0.176809 1.000000 3.000000 1.000000 1.000000 
677.748593 865.884937 -0.353089 2.000000 3.000000 1.000000 1.000000 
781.497539 857.507693 0.215298 5.000000 3.000000 1.000000 1.000000 
878.802451 871.684568 -0.391079 1.000000 2.000000 1.000000 1.000000 
979.659021 855.566579 -0.028564 3.000000 1.000000 1.000000 1.000000 
1061.339243 839.230535 -0.538679 3.000000 1.000000 1.000000 1.000000 
1149.826151 818.810479 0.380506 6.000000 1.000000 1.000000 1.000000 
1232.976562 756.912274 0.596430 4.000000 3.000000 1.000000 1.000000 
1213.014551 695.841763 0.644325 4.000000 5.000000 1.000000 1.000000 
1177.902758 652.327148 0.433953 4.000000 6.000000 1.000000 1.000000 
771.328553 645.596014 0.000000 1.000000 2.000000 1.000000 1.000000 
820.020963 645.596014 0.000000 3.000000 1.000000 1.000000 1.000000 
802.437593 696.317275 0.000000 5.000000 2.000000 1.000000 1.000000 
