image_file_name:
IMG_085.jpg
 rectangles:
505.202598 421.246044 -0.217293 5.000000 4.000000 1.000000 1.000000 
508.699757 340.228540 0.702257 6.000000 4.000000 1.000000 0.000000 
546.585640 371.702966 0.767218 3.000000 3.000000 1.000000 0.000000 
573.980048 413.668867 0.722979 5.000000 4.000000 1.000000 1.000000 
602.540176 454.469050 0.715338 6.000000 4.000000 1.000000 1.000000 
523.271250 283.691144 0.531724 6.000000 2.000000 1.000000 0.000000 
562.905713 312.251272 0.559797 1.000000 6.000000 1.000000 0.000000 
617.694529 343.725698 0.351817 3.000000 1.000000 1.000000 0.000000 
674.814784 329.154204 -0.026310 3.000000 5.000000 1.000000 0.000000 
726.689301 290.102602 -0.346539 6.000000 4.000000 1.000000 0.000000 
779.146678 215.496554 -0.385158 5.000000 5.000000 1.000000 0.000000 
863.737465 234.229276 0.036129 5.000000 2.000000 1.000000 0.000000 
897.637377 156.318952 0.588003 6.000000 5.000000 1.000000 0.000000 
935.700436 269.318659 -0.242209 2.000000 5.000000 1.000000 0.000000 
921.426789 218.171423 -0.226799 2.000000 6.000000 1.000000 0.000000 
1008.852877 300.839629 0.074860 4.000000 6.000000 1.000000 0.000000 
989.821348 247.908188 -0.073041 5.000000 2.000000 1.000000 0.000000 
983.279259 198.545158 1.642674 6.000000 3.000000 1.000000 0.000000 
1080.221113 257.423953 -0.210326 6.000000 3.000000 1.000000 0.000000 
1071.300083 338.902688 -0.568848 5.000000 2.000000 1.000000 0.000000 
1108.768407 305.002777 -0.540420 5.000000 4.000000 1.000000 1.000000 
1166.457731 305.597512 -0.576375 1.000000 3.000000 1.000000 0.000000 
1202.141849 263.371306 -0.666558 3.000000 4.000000 1.000000 0.000000 
1144.452525 418.002483 -1.041550 0.000000 0.000000 2.000000 1.000000 
1181.326113 381.128895 -1.010675 2.000000 4.000000 1.000000 0.000000 
1213.441819 341.876365 -1.043650 2.000000 6.000000 1.000000 0.000000 
