image_file_name:
IMG_061.jpg
 rectangles:
532.315209 618.374523 -0.012345 1.000000 6.000000 1.000000 1.000000 
582.347135 619.551744 -0.012345 1.000000 2.000000 1.000000 1.000000 
703.012367 610.722581 0.072337 1.000000 3.000000 1.000000 1.000000 
755.398737 604.247861 0.128323 5.000000 1.000000 1.000000 1.000000 
763.639289 556.570379 0.130827 6.000000 2.000000 1.000000 1.000000 
711.252920 560.102044 0.147078 3.000000 1.000000 1.000000 1.000000 
764.816511 401.765715 0.000000 1.000000 5.000000 1.000000 1.000000 
811.905382 402.354326 0.000000 1.000000 4.000000 1.000000 1.000000 
