image_file_name:
IMG_041.jpg
 rectangles:
522.551521 703.554794 0.058756 0.000000 0.000000 2.000000 1.000000 
376.620654 654.443445 -0.103082 6.000000 1.000000 1.000000 1.000000 
585.694685 434.143963 -0.732815 6.000000 3.000000 1.000000 1.000000 
1017.874560 671.281622 -0.674741 6.000000 3.000000 1.000000 1.000000 
466.424265 549.204839 -0.426627 5.000000 4.000000 1.000000 1.000000 
747.060547 431.337600 -0.355636 3.000000 4.000000 1.000000 1.000000 
807.397348 302.244910 0.071307 3.000000 4.000000 1.000000 0.000000 
942.102764 326.098994 -0.528074 3.000000 3.000000 1.000000 0.000000 
892.991414 769.504321 0.785398 3.000000 5.000000 1.000000 1.000000 
1012.261834 777.923409 -0.083141 4.000000 2.000000 1.000000 1.000000 
672.691932 544.995295 -0.414507 4.000000 3.000000 1.000000 1.000000 
965.956848 427.128056 0.244979 4.000000 6.000000 1.000000 1.000000 
566.050145 814.406126 -0.580003 1.000000 3.000000 1.000000 1.000000 
400.474738 397.661247 -0.321751 1.000000 6.000000 1.000000 0.000000 
288.220225 494.480764 -0.287664 2.000000 5.000000 1.000000 0.000000 
563.243782 606.735277 -0.150371 2.000000 4.000000 1.000000 1.000000 
1124.516347 421.515331 0.141897 2.000000 2.000000 1.000000 1.000000 
1256.415400 523.947574 0.380506 2.000000 3.000000 1.000000 1.000000 
1110.484533 573.058923 0.514451 2.000000 2.000000 1.000000 1.000000 
709.174649 780.729772 0.321751 6.000000 6.000000 1.000000 1.000000 
