image_file_name:
IMG_019.jpg
 rectangles:
601.638329 516.201039 0.578483 0.000000 0.000000 2.000000 1.000000 
945.152170 524.283718 0.503448 0.000000 0.000000 2.000000 1.000000 
880.490741 443.456931 0.106757 0.000000 0.000000 2.000000 1.000000 
766.551661 495.702952 0.660566 3.000000 4.000000 1.000000 1.000000 
906.759446 649.565236 0.409739 3.000000 5.000000 1.000000 1.000000 
623.865695 710.185326 0.174672 3.000000 2.000000 1.000000 1.000000 
1080.559406 649.349002 -0.073997 2.000000 1.000000 1.000000 1.000000 
1103.083026 498.654982 -0.390550 2.000000 6.000000 1.000000 1.000000 
452.108774 461.642958 0.321751 6.000000 2.000000 1.000000 1.000000 
330.433779 695.464212 0.715744 6.000000 4.000000 1.000000 1.000000 
