image_file_name:
IMG_089.jpg
 rectangles:
755.114195 676.156957 0.304511 0.000000 0.000000 2.000000 1.000000 
813.478731 667.313845 0.386876 0.000000 0.000000 2.000000 1.000000 
714.031870 624.277629 -0.122104 0.000000 0.000000 2.000000 1.000000 
769.263173 623.098288 0.124355 6.000000 3.000000 1.000000 1.000000 
863.884466 630.172777 0.021273 5.000000 2.000000 1.000000 1.000000 
689.073433 577.404467 -0.110657 3.000000 1.000000 1.000000 1.000000 
686.638464 527.487594 -0.088377 2.000000 2.000000 1.000000 1.000000 
682.986010 478.179463 -0.113435 3.000000 1.000000 1.000000 1.000000 
737.772822 571.925786 -0.088377 0.000000 0.000000 2.000000 1.000000 
788.298438 567.664590 -0.083141 1.000000 2.000000 1.000000 1.000000 
838.215311 580.448179 -0.054002 5.000000 1.000000 1.000000 1.000000 
886.914700 579.230694 -0.038941 2.000000 2.000000 1.000000 1.000000 
734.729110 523.835140 -0.090660 1.000000 1.000000 1.000000 1.000000 
783.428499 519.573943 -0.083141 3.000000 2.000000 1.000000 1.000000 
834.562857 531.140048 -0.052583 2.000000 1.000000 1.000000 1.000000 
883.262246 529.922563 -0.029403 5.000000 2.000000 1.000000 1.000000 
731.685399 475.744494 -0.076772 4.000000 1.000000 1.000000 1.000000 
781.602272 469.657070 -0.080904 1.000000 2.000000 1.000000 1.000000 
830.910403 481.831917 -0.039979 2.000000 2.000000 1.000000 1.000000 
878.392307 480.005690 -0.026310 5.000000 2.000000 1.000000 1.000000 
1019.284715 596.211416 -0.600050 5.000000 4.000000 1.000000 1.000000 
1088.534368 613.038435 -0.808122 4.000000 4.000000 1.000000 1.000000 
1126.718756 661.577911 0.529247 1.000000 3.000000 1.000000 1.000000 
1195.321216 629.218260 -0.802940 2.000000 4.000000 1.000000 1.000000 
1139.015424 578.737205 -0.517488 0.000000 0.000000 2.000000 1.000000 
1178.494198 547.024747 -0.558599 2.000000 6.000000 1.000000 1.000000 
1075.590508 455.123339 -0.085505 3.000000 4.000000 1.000000 1.000000 
