image_file_name:
IMG_047.jpg
 rectangles:
892.023879 594.959805 -0.247812 0.000000 0.000000 2.000000 1.000000 
769.447753 569.574216 0.352990 2.000000 4.000000 1.000000 1.000000 
654.849955 763.229989 0.574305 2.000000 4.000000 1.000000 1.000000 
771.623661 708.106998 -0.271792 3.000000 4.000000 1.000000 1.000000 
542.428065 658.786426 0.046121 3.000000 4.000000 1.000000 1.000000 
491.656889 780.637250 0.159137 3.000000 4.000000 1.000000 1.000000 
635.266787 629.049023 0.233743 6.000000 4.000000 1.000000 1.000000 
839.076795 722.613048 0.113792 6.000000 4.000000 1.000000 1.000000 
451.765250 692.875645 0.626047 4.000000 4.000000 1.000000 1.000000 
