image_file_name:
IMG_083.jpg
 rectangles:
633.022534 594.123382 -0.358771 6.000000 4.000000 1.000000 1.000000 
620.036829 541.497105 -0.191648 3.000000 3.000000 1.000000 1.000000 
667.878899 530.561775 -0.183111 0.000000 0.000000 2.000000 1.000000 
655.576653 469.050542 0.375961 0.000000 0.000000 2.000000 1.000000 
704.785639 482.719705 0.477345 3.000000 1.000000 1.000000 1.000000 
693.850309 410.273141 -0.127510 0.000000 0.000000 2.000000 1.000000 
717.087886 562.684307 0.534955 2.000000 6.000000 1.000000 1.000000 
746.476586 609.159461 0.463648 1.000000 6.000000 1.000000 1.000000 
804.570528 609.159461 0.471166 4.000000 6.000000 1.000000 1.000000 
858.563721 615.994043 0.332059 6.000000 4.000000 1.000000 1.000000 
903.671959 635.814329 0.331554 6.000000 4.000000 1.000000 1.000000 
987.053852 650.166950 -0.312901 5.000000 2.000000 1.000000 1.000000 
1035.579380 625.562457 -0.128323 5.000000 4.000000 1.000000 1.000000 
919.391496 559.267017 -0.138006 5.000000 4.000000 1.000000 1.000000 
972.017773 550.382061 -0.220249 5.000000 4.000000 1.000000 1.000000 
738.275088 520.309903 0.540420 0.000000 0.000000 2.000000 1.000000 
775.865286 556.533184 0.482513 4.000000 6.000000 1.000000 1.000000 
826.441189 564.734682 0.504166 6.000000 6.000000 1.000000 1.000000 
972.017773 470.417458 0.546789 2.000000 6.000000 1.000000 1.000000 
867.448677 527.144484 0.785398 4.000000 4.000000 1.000000 1.000000 
801.153237 503.223449 1.100156 3.000000 6.000000 1.000000 1.000000 
764.246497 467.000167 1.083897 2.000000 5.000000 1.000000 1.000000 
923.492245 500.489616 0.717322 2.000000 4.000000 1.000000 1.000000 
931.010284 440.345300 0.572966 1.000000 3.000000 1.000000 1.000000 
790.901365 417.791181 0.588003 6.000000 3.000000 1.000000 1.000000 
811.405109 368.582195 -0.746956 0.000000 0.000000 2.000000 1.000000 
868.132135 351.495741 -0.255809 5.000000 2.000000 1.000000 1.000000 
926.226077 381.567899 -0.236024 0.000000 0.000000 2.000000 1.000000 
913.923831 330.991997 -0.282555 6.000000 3.000000 1.000000 0.000000 
