image_file_name:
IMG_067.jpg
 rectangles:
438.815810 681.495834 0.108483 4.000000 3.000000 1.000000 1.000000 
487.466872 686.851914 0.096474 4.000000 3.000000 1.000000 1.000000 
452.206011 633.291113 0.110657 0.000000 0.000000 2.000000 1.000000 
499.518052 638.200853 0.110657 4.000000 2.000000 1.000000 1.000000 
507.552172 588.210772 0.114877 4.000000 3.000000 1.000000 1.000000 
536.117933 692.207994 0.108483 4.000000 4.000000 1.000000 1.000000 
584.768994 698.903095 0.141897 4.000000 4.000000 1.000000 1.000000 
556.203233 594.459532 0.124355 4.000000 6.000000 1.000000 1.000000 
548.615453 643.556933 0.115276 4.000000 5.000000 1.000000 1.000000 
598.605535 651.144713 0.141897 4.000000 5.000000 1.000000 1.000000 
646.810256 659.625174 0.133227 4.000000 5.000000 1.000000 1.000000 
606.193315 601.154632 0.147437 4.000000 6.000000 1.000000 1.000000 
653.951696 609.635092 0.135997 4.000000 1.000000 1.000000 1.000000 
611.995735 551.610891 0.147078 0.000000 0.000000 2.000000 1.000000 
659.754116 560.984031 0.144614 6.000000 6.000000 1.000000 1.000000 
