image_file_name:
IMG_033.jpg
 rectangles:
532.345430 486.440600 0.056543 0.000000 0.000000 2.000000 1.000000 
810.264618 623.879848 0.000000 0.000000 0.000000 2.000000 1.000000 
589.510427 613.541497 0.057081 6.000000 6.000000 1.000000 1.000000 
740.936855 634.826337 0.068386 6.000000 1.000000 1.000000 1.000000 
653.364945 615.974050 0.054002 4.000000 2.000000 1.000000 1.000000 
588.294150 553.335809 0.117109 2.000000 2.000000 1.000000 1.000000 
657.013775 542.997458 0.051237 1.000000 4.000000 1.000000 1.000000 
731.814781 556.376500 0.000000 4.000000 6.000000 1.000000 1.000000 
597.416224 489.481291 0.000000 2.000000 5.000000 1.000000 1.000000 
672.217231 477.926664 0.074489 2.000000 4.000000 1.000000 1.000000 
732.422920 490.089429 0.029403 2.000000 3.000000 1.000000 1.000000 
