image_file_name:
IMG_023.jpg
 rectangles:
464.743860 516.105724 0.681893 0.000000 0.000000 2.000000 1.000000 
509.361989 646.241933 0.249194 0.000000 0.000000 2.000000 1.000000 
415.478010 705.732772 -0.069655 4.000000 5.000000 1.000000 1.000000 
554.909662 712.239582 0.225004 3.000000 6.000000 1.000000 1.000000 
687.834504 686.212341 -0.135528 2.000000 4.000000 1.000000 1.000000 
611.611868 622.073780 0.151461 1.000000 5.000000 1.000000 1.000000 
579.077815 558.864764 -0.445924 2.000000 5.000000 1.000000 1.000000 
652.511819 471.487595 0.197204 2.000000 1.000000 1.000000 1.000000 
446.152973 583.962462 0.622908 3.000000 1.000000 1.000000 1.000000 
