image_file_name:
IMG_035.jpg
 rectangles:
851.614765 627.893653 -0.388319 0.000000 0.000000 2.000000 1.000000 
885.254854 499.844283 -0.668289 0.000000 0.000000 2.000000 1.000000 
804.952707 364.198764 0.950547 0.000000 0.000000 2.000000 1.000000 
931.916913 666.959563 -0.463648 6.000000 6.000000 1.000000 1.000000 
1074.073417 553.017327 0.321751 6.000000 1.000000 1.000000 1.000000 
935.172405 446.671240 0.688924 4.000000 6.000000 1.000000 1.000000 
768.057125 484.651985 0.785398 1.000000 4.000000 1.000000 1.000000 
700.776948 435.819598 0.748378 2.000000 5.000000 1.000000 1.000000 
635.667099 389.157539 0.186979 2.000000 2.000000 1.000000 1.000000 
497.851251 398.924017 -0.295441 1.000000 2.000000 1.000000 1.000000 
671.477516 650.682101 0.110657 2.000000 2.000000 1.000000 1.000000 
526.065519 628.978817 0.666908 1.000000 1.000000 1.000000 1.000000 
712.713753 748.346874 0.416065 2.000000 4.000000 1.000000 1.000000 
595.516025 750.517203 0.170735 3.000000 2.000000 1.000000 1.000000 
464.211162 737.495233 0.207496 3.000000 3.000000 1.000000 1.000000 
384.994179 661.533742 0.436627 3.000000 4.000000 1.000000 1.000000 
355.694747 562.783804 0.705568 3.000000 5.000000 1.000000 1.000000 
1031.752015 390.242704 0.300920 2.000000 3.000000 1.000000 1.000000 
