image_file_name:
IMG_037.jpg
 rectangles:
911.284381 486.167216 0.711459 0.000000 0.000000 2.000000 1.000000 
851.815153 625.972067 -0.388319 0.000000 0.000000 2.000000 1.000000 
932.150776 667.704858 -0.432408 6.000000 6.000000 1.000000 1.000000 
1271.229704 719.870847 0.380506 6.000000 2.000000 1.000000 1.000000 
1230.540233 638.491904 0.000000 5.000000 3.000000 1.000000 1.000000 
1012.486399 618.668828 0.531724 2.000000 5.000000 1.000000 1.000000 
1030.222835 715.697567 0.571337 3.000000 3.000000 1.000000 1.000000 
1189.850761 406.874913 -0.321751 3.000000 6.000000 1.000000 0.000000 
894.591264 268.113383 -0.025635 4.000000 2.000000 1.000000 0.000000 
814.255641 272.286662 -0.076772 4.000000 1.000000 1.000000 0.000000 
744.353216 274.373301 0.154319 2.000000 2.000000 1.000000 0.000000 
633.761320 288.979778 0.147849 2.000000 2.000000 1.000000 0.000000 
