image_file_name:
IMG_087.jpg
 rectangles:
948.862025 678.321706 -0.391948 6.000000 3.000000 1.000000 1.000000 
947.662486 587.156758 -0.768451 3.000000 1.000000 1.000000 1.000000 
803.717833 680.121014 0.546789 0.000000 0.000000 2.000000 1.000000 
866.693619 644.734620 0.037020 0.000000 0.000000 2.000000 1.000000 
851.699384 594.953760 0.049958 0.000000 0.000000 2.000000 1.000000 
902.080013 510.986046 0.080904 0.000000 0.000000 2.000000 1.000000 
800.718986 614.146381 0.000000 5.000000 1.000000 1.000000 1.000000 
794.721292 561.966444 -0.082168 2.000000 2.000000 1.000000 1.000000 
733.544814 680.121014 -0.388957 2.000000 2.000000 1.000000 1.000000 
674.767413 662.127932 0.692334 3.000000 2.000000 1.000000 1.000000 
729.346428 628.540846 -0.385883 2.000000 2.000000 1.000000 1.000000 
645.378713 590.755375 0.181093 1.000000 2.000000 1.000000 1.000000 
725.148042 577.560448 -0.371709 4.000000 1.000000 1.000000 1.000000 
716.751271 525.380511 -0.535811 3.000000 1.000000 1.000000 1.000000 
668.169950 491.793425 -0.253674 1.000000 1.000000 1.000000 1.000000 
785.124981 511.585815 -0.126088 1.000000 2.000000 1.000000 1.000000 
840.303765 515.184431 -0.357134 2.000000 1.000000 1.000000 1.000000 
759.334898 453.408184 -0.729900 5.000000 2.000000 1.000000 1.000000 
1402.106824 872.083019 0.177073 2.000000 6.000000 1.000000 1.000000 
1380.236163 768.353600 0.837981 1.000000 3.000000 1.000000 1.000000 
1417.103848 732.735668 0.878154 3.000000 4.000000 1.000000 1.000000 
1330.870958 744.608312 0.769006 0.000000 0.000000 2.000000 1.000000 
1221.517655 797.722773 0.940993 2.000000 4.000000 1.000000 1.000000 
1154.655921 803.346657 0.422251 5.000000 2.000000 1.000000 1.000000 
1180.275838 753.981452 -0.830821 5.000000 4.000000 1.000000 1.000000 
1208.395259 710.865007 -0.785398 6.000000 2.000000 1.000000 1.000000 
1264.009224 662.124678 -0.808122 4.000000 4.000000 1.000000 1.000000 
