image_file_name:
IMG_039.jpg
 rectangles:
1153.625620 361.168766 -0.530216 0.000000 0.000000 2.000000 0.000000 
1226.468310 373.688603 0.183111 0.000000 0.000000 2.000000 0.000000 
1231.020978 759.527227 0.674741 0.000000 0.000000 2.000000 1.000000 
1252.646152 486.367139 -0.390607 1.000000 1.000000 1.000000 1.000000 
798.517506 725.382216 0.321751 1.000000 5.000000 1.000000 1.000000 
929.406715 739.040220 -0.595410 2.000000 3.000000 1.000000 1.000000 
667.628298 459.051131 0.571337 3.000000 3.000000 1.000000 1.000000 
614.134448 560.347996 0.522403 3.000000 4.000000 1.000000 1.000000 
797.379339 505.715979 0.421419 4.000000 4.000000 1.000000 1.000000 
598.200109 673.026532 0.244979 5.000000 3.000000 1.000000 1.000000 
1051.190587 493.196142 -0.197396 5.000000 6.000000 1.000000 1.000000 
675.595467 774.323398 -0.080904 6.000000 6.000000 1.000000 1.000000 
469.587235 659.368528 0.556166 6.000000 3.000000 1.000000 1.000000 
