image_file_name:
IMG_017.jpg
 rectangles:
724.806586 606.695449 -0.578717 0.000000 0.000000 2.000000 1.000000 
961.385609 687.584871 0.000000 4.000000 1.000000 1.000000 1.000000 
697.897479 710.776497 0.233453 4.000000 2.000000 1.000000 1.000000 
1119.852019 516.499708 -0.164665 1.000000 1.000000 1.000000 1.000000 
942.685687 499.006234 -0.470574 5.000000 1.000000 1.000000 1.000000 
676.000061 421.567251 0.404621 5.000000 3.000000 1.000000 1.000000 
511.067667 424.933219 0.458696 3.000000 5.000000 1.000000 1.000000 
472.359043 700.942532 0.369729 3.000000 3.000000 1.000000 1.000000 
856.079309 312.173316 -0.518006 1.000000 4.000000 1.000000 0.000000 
