image_file_name:
IMG_073.jpg
 rectangles:
832.999132 634.751017 -0.033695 5.000000 6.000000 1.000000 1.000000 
882.464764 632.623463 -0.034469 4.000000 6.000000 1.000000 1.000000 
932.994173 630.495909 -0.024385 4.000000 5.000000 1.000000 1.000000 
980.864139 629.432132 -0.035279 0.000000 0.000000 2.000000 1.000000 
832.467244 585.817273 -0.022219 0.000000 0.000000 2.000000 1.000000 
881.400987 583.689719 -0.034469 5.000000 2.000000 1.000000 1.000000 
931.930396 581.030277 -0.023805 2.000000 6.000000 1.000000 1.000000 
980.332251 579.966500 -0.044415 2.000000 4.000000 1.000000 1.000000 
830.871578 535.287865 -0.023805 3.000000 2.000000 1.000000 1.000000 
880.337210 533.692199 -0.028564 6.000000 5.000000 1.000000 1.000000 
930.334730 532.096533 -0.027020 3.000000 5.000000 1.000000 1.000000 
978.204696 530.500868 -0.036480 5.000000 5.000000 1.000000 1.000000 
829.807801 487.417898 -0.012986 3.000000 4.000000 1.000000 1.000000 
879.273433 484.226567 -0.032247 3.000000 4.000000 1.000000 1.000000 
927.675288 481.567125 -0.025635 5.000000 5.000000 1.000000 1.000000 
976.609031 480.503348 -0.011764 2.000000 5.000000 1.000000 1.000000 
828.744024 438.484155 -0.009009 3.000000 6.000000 1.000000 1.000000 
877.145879 434.229047 -0.024995 3.000000 6.000000 1.000000 1.000000 
927.675288 432.633381 -0.033695 3.000000 5.000000 1.000000 1.000000 
975.545254 432.101493 -0.000000 1.000000 2.000000 1.000000 1.000000 
