image_file_name:
IMG_025.jpg
 rectangles:
534.261795 644.361059 0.367174 0.000000 0.000000 2.000000 1.000000 
493.990977 261.466749 0.799580 0.000000 0.000000 2.000000 0.000000 
779.127742 683.096915 -0.086821 1.000000 6.000000 1.000000 1.000000 
952.055671 604.241779 -0.662668 5.000000 6.000000 1.000000 1.000000 
985.257833 535.070608 -0.428778 2.000000 2.000000 1.000000 1.000000 
570.230804 381.510607 0.580227 2.000000 3.000000 1.000000 1.000000 
737.031365 265.444649 0.000000 3.000000 3.000000 1.000000 0.000000 
873.546391 276.716282 0.450779 5.000000 5.000000 1.000000 0.000000 
989.753959 278.099706 -0.125084 4.000000 5.000000 1.000000 0.000000 
1165.448734 273.949436 -0.231091 4.000000 2.000000 1.000000 0.000000 
