image_file_name:
IMG_011.jpg
 rectangles:
446.994465 562.861624 0.439843 1.000000 5.000000 1.000000 1.000000 
539.983395 446.256458 0.203045 1.000000 2.000000 1.000000 1.000000 
631.496310 531.865314 0.374334 1.000000 1.000000 1.000000 1.000000 
581.311808 601.238007 0.758378 1.000000 4.000000 1.000000 1.000000 
864.706642 471.348708 -0.052583 1.000000 4.000000 1.000000 1.000000 
872.086716 378.359779 0.235545 1.000000 6.000000 1.000000 1.000000 
973.931734 465.444649 0.388319 1.000000 1.000000 1.000000 1.000000 
968.027675 542.197417 0.654083 1.000000 3.000000 1.000000 1.000000 
888.322878 635.186347 0.558599 3.000000 2.000000 1.000000 1.000000 
