image_file_name:
IMG_045.jpg
 rectangles:
1045.302619 650.266911 -0.411065 3.000000 2.000000 1.000000 1.000000 
983.439893 503.956655 -0.161375 3.000000 2.000000 1.000000 1.000000 
953.981452 592.331978 0.000000 3.000000 1.000000 1.000000 1.000000 
878.371454 518.685876 -0.499347 3.000000 1.000000 1.000000 1.000000 
1156.262745 500.028863 -0.859337 4.000000 2.000000 1.000000 1.000000 
1060.031839 425.400813 0.643501 4.000000 2.000000 1.000000 1.000000 
923.541063 422.454969 0.083141 4.000000 1.000000 1.000000 1.000000 
789.996132 421.473021 0.463648 4.000000 1.000000 1.000000 1.000000 
667.252628 404.779905 0.110657 4.000000 2.000000 1.000000 1.000000 
580.841202 469.588475 0.601074 4.000000 4.000000 1.000000 1.000000 
650.559512 560.909641 0.356620 4.000000 5.000000 1.000000 1.000000 
790.978080 627.682107 0.635586 4.000000 5.000000 1.000000 1.000000 
781.158599 747.479766 0.397079 4.000000 4.000000 1.000000 1.000000 
664.306784 665.978080 0.540420 4.000000 5.000000 1.000000 1.000000 
520.942373 707.219897 -0.398522 4.000000 6.000000 1.000000 1.000000 
493.447828 605.097302 0.580003 4.000000 6.000000 1.000000 1.000000 
