image_file_name:
IMG_091.jpg
 rectangles:
781.808117 752.669863 0.013698 0.000000 0.000000 2.000000 1.000000 
759.030828 702.623990 0.014492 0.000000 0.000000 2.000000 1.000000 
808.114282 703.907217 0.013333 5.000000 2.000000 1.000000 1.000000 
731.762243 652.578116 0.042831 6.000000 3.000000 1.000000 1.000000 
781.166503 654.182150 0.034469 5.000000 1.000000 1.000000 1.000000 
831.533184 654.182150 0.033100 2.000000 2.000000 1.000000 1.000000 
717.103120 602.460795 0.038941 0.000000 0.000000 2.000000 1.000000 
765.693502 603.690931 0.043451 0.000000 0.000000 2.000000 1.000000 
816.129088 605.536135 0.012658 1.000000 2.000000 1.000000 1.000000 
867.179743 604.305999 -0.083141 5.000000 2.000000 1.000000 1.000000 
669.127806 547.719731 0.025635 3.000000 1.000000 1.000000 1.000000 
718.948324 552.640276 0.038443 3.000000 2.000000 1.000000 1.000000 
766.923638 555.100549 0.039979 1.000000 1.000000 1.000000 1.000000 
816.744156 556.330685 0.015872 2.000000 1.000000 1.000000 1.000000 
865.949606 555.100549 -0.074489 2.000000 2.000000 1.000000 1.000000 
917.000261 553.255344 -0.039979 5.000000 2.000000 1.000000 1.000000 
722.638733 504.049894 0.000000 3.000000 1.000000 1.000000 1.000000 
773.074319 505.280030 0.066568 2.000000 2.000000 1.000000 1.000000 
819.819497 506.510167 0.027020 4.000000 1.000000 1.000000 1.000000 
871.485220 505.895099 -0.027020 1.000000 2.000000 1.000000 1.000000 
731.864755 456.074580 0.038941 4.000000 3.000000 1.000000 1.000000 
781.070205 457.919785 0.074489 2.000000 3.000000 1.000000 1.000000 
833.350996 457.919785 0.000000 3.000000 4.000000 1.000000 1.000000 
771.844183 408.714335 0.027771 0.000000 0.000000 2.000000 1.000000 
822.279769 408.714335 0.000000 4.000000 3.000000 1.000000 1.000000 
793.275192 359.559779 0.000000 0.000000 0.000000 2.000000 1.000000 
